0	0	4.052176025113034E-5	1.811524710172058E-4	3.739583439704302E-4	6.035625487773841E-5	5.396421354570595E-4	0.03558795544803679	6.764167012694833E-5	8.685229777159308E-5	9.283455321314856E-5	1.194632987387519E-4	1.1650505721546516E-4	5.960045156224171E-5	3.5039962432016316E-4	3.624244847535239E-4	0.9619606921486878
1	1	6.151820576494542E-6	2.7501705053777656E-5	0.34722076919556843	9.162999049792336E-6	8.192589789471423E-5	0.5248337736318027	1.026903608176324E-5	1.3185502042256746E-5	1.4093699561099252E-5	1.8136348834857637E-5	1.768724270125407E-5	9.048256591438108E-6	5.3196001494742756E-5	0.127611490014141	7.360864860565767E-5
2	2	1.3781619929598259E-5	6.161071210614681E-5	0.7896454013387464	2.052741440509729E-5	1.8353454447128857E-4	0.12110426160545777	2.300521456411456E-5	2.9538829273020063E-5	3.157341933787266E-5	4.0629966925180847E-5	3.962385662589403E-5	2.027036254034235E-5	1.1917237592658128E-4	0.08850216691818931	1.649018215015275E-4
3	3	9.656642898175182E-6	4.317000821025264E-5	8.911711051384235E-5	1.4383353447961473E-5	1.2860081503424177E-4	2.240514544131369E-4	1.6119523174807868E-5	2.0697561489640748E-5	2.2123178347515404E-5	0.992912075381971	2.7764039034553835E-5	1.4203239783752998E-5	8.350288888598241E-5	8.636850435741596E-5	0.0063081662984377255
4	4	1.3741139035625541E-5	6.142974232776856E-5	1.2681121368331036E-4	2.046711901962652E-5	0.00605761601795156	0.15305895395482325	2.293764111075082E-5	2.9452064565969096E-5	0.04996575553518548	4.051062410542416E-5	3.950746906426797E-5	2.021082219595788E-5	0.22335440404233106	1.2290002221150307E-4	0.5670653025923885
5	5	1.0621326019228064E-5	4.748262271772447E-5	9.801976676987453E-5	1.5820227363844627E-5	1.4144782997777046E-4	2.4643383497735413E-4	1.7729837658850397E-5	2.2765214650946285E-5	0.9740336788815966	3.131301886623561E-5	3.05376219568289E-5	1.5622120633767916E-5	9.184469341545132E-5	9.499657927151744E-5	0.025101686424124095
6	6	1.1397648851358804E-5	5.0953172824037685E-5	0.6701055790832914	1.6976542845529153E-5	1.5178638655425627E-4	0.3291737307164022	1.9025728375284442E-5	2.4429145866304203E-5	2.6111788635014573E-5	3.360171723071403E-5	3.276964582288346E-5	1.6763956305918407E-5	9.855770950961738E-5	1.0193996970405749E-4	1.363767877814816E-4
7	7	0.019760740841465747	2.061519447673726E-4	4.2556548877640236E-4	6.868556223414254E-5	6.141140392853069E-4	0.001069924351885042	7.697638219165692E-5	9.883812234296415E-5	1.0564594332628778E-4	1.3594951934704877E-4	1.325830334266926E-4	6.782545625559106E-5	3.987556095356683E-4	4.1243992943466705E-4	0.9764258037757254
8	8	1.3235732156981645E-5	5.917032160250821E-5	0.9762217975267793	1.971432678663012E-5	1.7626477036697852E-4	3.0709275172170357E-4	2.209398167559172E-5	2.836880094544149E-5	3.032280122154908E-5	3.902062039991208E-5	3.8054361969497716E-5	1.9467456705338575E-5	1.1445197707765673E-4	0.022752574484001583	1.5837008658939547E-4
9	9	1.5674905618666365E-5	7.007464306054392E-5	0.9785411294674077	2.3347421060720838E-5	0.020312785180016474	3.636859557387704E-4	2.616561542632648E-5	3.3596802357470464E-5	3.591089949569929E-5	4.621161373591232E-5	4.5067286431585855E-5	2.3055056031085796E-5	1.3554398935277E-4	1.4019552845675814E-4	1.875556358096403E-4
10	10	8.640055647079515E-6	3.8625356363954036E-5	7.973545279302349E-5	1.2869169492172484E-5	1.1506257504516369E-4	2.0046480483444342E-4	1.442256679710569E-5	1.8518659633063494E-5	1.9794197013220662E-5	2.5471982028660966E-5	2.4841225338421044E-5	1.2708016998705558E-5	0.9992481884995238	7.72762016439604E-5	1.0338123684706078E-4
11	11	2.0936176477266856E-5	9.359514687922264E-5	1.9321119901974132E-4	0.2193220499683684	2.788142201246795E-4	0.6673090024849478	3.4948085527833315E-5	4.4873545036866485E-5	4.7964367224261515E-5	6.172250883107164E-5	6.01940888855886E-5	3.079346909657214E-5	1.8103923242402352E-4	0.11207034695634648	2.5050855081006263E-4
12	12	1.446335624154219E-5	6.465841330978232E-5	0.9059991347355503	2.1542845382135105E-5	1.926134600197754E-4	0.07762786751411385	2.4143215046825266E-5	3.1000028510163524E-5	3.313526377741003E-5	4.263981220806292E-5	4.15839325835191E-5	2.1273077915647453E-5	1.2506748379233356E-4	0.015587817830648283	1.7305903090053643E-4
13	13	1.4972551894765299E-5	6.693477174635872E-5	0.9955053358095224	2.230128091006144E-5	1.9939459262526498E-4	0.003547927581475169	2.499319896144143E-5	3.209141279909013E-5	3.4301820972163836E-5	4.414098570251322E-5	4.3047932872375495E-5	2.202201603377329E-5	1.294705986740436E-4	1.3391371382378048E-4	1.7915173198691724E-4
14	14	9.005985249581292E-6	4.026124412649742E-5	8.311246374499726E-5	1.3414213444336205E-5	1.199357846712313E-4	0.17924532839743917	1.503340130450891E-5	1.9302974692502174E-5	2.063253451250958E-5	2.6550788999288635E-5	2.5893318066182368E-5	1.3246235709194306E-5	0.8201799738909746	8.054905669321926E-5	1.0775971037209814E-4
15	15	1.2942782692343686E-5	5.786069144149236E-5	1.1944351755703847E-4	1.9277985116268147E-5	1.723634621883976E-4	0.04180009646510314	2.160497056333743E-5	2.7740907833763176E-5	2.9651659778157877E-5	3.815696815004651E-5	3.72120961368348E-5	1.9036579066530863E-5	0.9573739875036451	1.157595652182617E-4	1.548648455093576E-4
16	16	3.216374346340946E-5	1.4378796896903303E-4	2.968257096168678E-4	4.790717595358121E-5	4.2833556832968915E-4	0.1932555558066153	5.368990171988013E-5	6.893814600897663E-5	7.368650166189792E-5	9.482280310906979E-5	9.247472837420815E-5	4.7307264602302925E-5	2.781262106202408E-4	2.8767082378030527E-4	0.8047987076471753
17	17	1.7690227193880366E-5	7.90841352687241E-5	0.9984709757259536	2.6349197437175964E-5	2.3558680374354798E-4	4.1044503493410835E-4	2.952972686535373E-5	3.79163410071055E-5	4.052796146083423E-5	5.215303784736183E-5	5.086158445745503E-5	2.6019243055081923E-5	1.529708710692326E-4	1.5822045824714697E-4	2.1166965145959907E-4
18	18	1.5315680768505693E-5	6.846872888371406E-5	1.4134199949545357E-4	2.2812363687093785E-5	2.0396415715095897E-4	3.553512942017834E-4	2.556597294620266E-5	3.28268579261389E-5	3.5087922451734475E-5	0.9985800261241632	4.403447069352772E-5	2.2526698843508843E-5	1.3243770147774474E-4	1.3698264035852918E-4	1.8325738695190713E-4
19	19	1.3660886510706383E-5	6.107097353035262E-5	1.2607059676212473E-4	2.0347584680086874E-5	0.008942393136964497	3.1695709612239643E-4	2.2803678153964284E-5	2.9280055350475885E-5	3.129682145734474E-5	0.9899729818297792	3.927673315967135E-5	2.009278470956664E-5	1.181283703266167E-4	1.2218224786473875E-4	1.634572046282513E-4
20	20	1.2460161424636361E-5	5.570313375720594E-5	1.1498960812866644E-4	1.855913154074145E-5	1.659362297604749E-4	2.890981181399793E-4	2.0799346415121955E-5	2.670648174284204E-5	2.854598397628984E-5	3.6734139321178276E-5	3.5824500483063224E-5	1.832672724097756E-5	0.9989157832959102	1.1144302607494942E-4	1.4909011608372656E-4
21	21	1.970177120059425E-5	8.807673986234873E-5	1.8181939002151373E-4	2.934534720990514E-5	2.6237522301806974E-4	0.22366433366593014	3.2887532530871056E-5	4.222778300688645E-5	4.513636909106941E-5	5.808332520681836E-5	5.664502150809721E-5	2.897787393376208E-5	1.7036508740849837E-4	0.13494283330622142	0.64037719156385
22	22	1.043184875709944E-5	4.663556488945015E-5	0.029085170512788392	1.5538005223056646E-5	0.004598755166076153	0.047070259652861136	1.7413549363819973E-5	2.2359098640946882E-5	2.389915967496628E-5	3.0754415818648574E-5	2.999285146491254E-5	1.5343432582862518E-5	0.9188153241796712	9.330190464055643E-5	1.2482065754691645E-4
23	23	4.6572944076977544E-5	2.0820427962171952E-4	4.2980218363954597E-4	6.936935774003802E-5	6.202278193361875E-4	0.0010805759275534942	7.774271652001719E-5	9.982210007672538E-5	1.0669769596414704E-4	1.373029576437503E-4	1.3390295684969836E-4	6.850068902160939E-5	4.027254000546949E-4	4.1654595348143664E-4	0.99610200701842
24	24	1.3503161190107127E-5	6.036586271109251E-5	1.2461501587600422E-4	2.0112656345489263E-5	1.798262142337964E-4	0.5718284304829127	2.2540392352939774E-5	2.894199485098353E-5	3.0935475859880865E-5	3.980903517453417E-5	3.882325341479202E-5	1.986079823434305E-5	1.1676448848285561E-4	1.2077156092279686E-4	0.42735469960743777
25	25	9.058300256900029E-6	4.049511829159636E-5	8.359525702397802E-5	1.3492135476747724E-5	1.2063248150994148E-4	0.023445830835065438	1.5120729062380538E-5	1.9415104041410286E-5	0.975918556567586	2.670502028907235E-5	2.604373016287125E-5	1.3323181973136324E-5	7.832890247921718E-5	8.101695935724138E-5	1.0838567742406986E-4
26	26	1.656285284006232E-5	7.404420983878506E-5	0.9985684183836443	2.466999857167827E-5	2.2057317402994435E-4	3.842879256462899E-4	2.7647837142944282E-5	3.5499983660557826E-5	3.794516906010822E-5	4.882939498520813E-5	4.762024418050702E-5	2.4361071737971587E-5	1.4322224347759164E-4	1.4813728153481636E-4	1.9818022964936325E-4
27	27	1.5518909254938858E-5	6.937726154049634E-5	0.9256774554566914	2.31150679686837E-5	2.0667062038762056E-4	3.600665599979469E-4	2.5905215717358625E-5	3.326244761696115E-5	3.5553514904315084E-5	4.575171663157519E-5	4.4618777650900026E-5	2.2825612550284197E-5	1.3419505813885746E-4	0.07311999469527312	1.8568908567564375E-4
28	28	1.4199945129357626E-5	6.348083431099504E-5	0.9046757227110187	2.1150500426582574E-5	1.891055241798354E-4	0.09442639374886891	2.3703511355580414E-5	3.043544641377836E-5	3.253179411667755E-5	4.1863242774973365E-5	4.08265931563555E-5	2.0885646048536636E-5	1.227897161391218E-4	1.2700355969585974E-4	1.6990722636486716E-4
29	29	9.716815456007242E-6	4.343900954363868E-5	8.967241783365985E-5	1.4472979125983594E-5	0.0022064717406667326	0.12277255320511991	1.6219967288843057E-5	2.0826532316132986E-5	2.2261032490262717E-5	2.8646406780365244E-5	2.793704255783562E-5	1.4291743135932669E-5	0.8745303193849233	8.690668453847012E-5	1.1626503822301377E-4
30	30	9.3479066562498E-6	4.17898032840417E-5	8.626791311870082E-5	1.3923497726192237E-5	1.2448926894510185E-4	0.038182907171406266	1.5604159703351372E-5	2.003583179551084E-5	2.141586970884268E-5	2.755881675763052E-5	2.687638427061744E-5	1.37491425451744E-5	0.9612205761327979	8.36071837062129E-5	1.1185091757836485E-4
31	31	1.5166718499595761E-5	6.780279327444814E-5	1.399672891410562E-4	2.2590487721840195E-5	0.901489825665106	3.5189510209093517E-4	2.5317315025309738E-5	3.250757970979496E-5	3.47466528327898E-5	4.4713413528308456E-5	4.3606185802774156E-5	2.23076012910396E-5	1.311495954640761E-4	1.3565032968834075E-4	0.0974427532708236
32	32	7.455821487464447E-6	3.33312392538448E-5	6.88066520089926E-5	1.1105279218658082E-5	0.41447657751700623	1.7298844595638923E-4	1.2445762831006714E-5	1.5980431845702972E-5	1.7081139919296748E-5	2.1980709233255112E-5	2.1436406108767436E-5	1.0966214810669538E-5	6.447195363712925E-5	0.5260070856728262	0.05905828675385632
33	33	1.594198754287727E-5	7.126863241922401E-5	0.8759425645495102	2.3745233608621207E-5	0.0036200692667959582	0.01740870457694194	2.6611446685935707E-5	3.4169252287266596E-5	3.652277891435647E-5	4.699900518934351E-5	4.5835179895950835E-5	2.3447887023333675E-5	1.378534992389699E-4	0.10237551534107263	1.9075136287347572E-4
34	34	1.789321508887385E-5	7.999159236182076E-5	1.6512898357507375E-4	2.6651543363201736E-5	2.3829006294175028E-4	0.06926262381056333	2.9868568024963267E-5	3.835141502636682E-5	4.099300272317356E-5	5.275147195757007E-5	5.144519968477237E-5	2.6317802893753864E-5	0.929595558889106	1.6003597126529537E-4	2.1409847142402844E-4
35	35	1.638878035678198E-5	7.326601905223216E-5	1.512451858935804E-4	2.4410721504172893E-5	2.1825499125556458E-4	0.19306015101530796	2.735726354941686E-5	3.512688547681634E-5	3.7546372435482746E-5	4.831620718331012E-5	4.711976432724969E-5	2.410504143366664E-5	1.4171700450554557E-4	0.22085264981700514	0.5852423449307131
36	36	4.052176025113034E-5	1.811524710172058E-4	3.739583439704302E-4	6.035625487773841E-5	5.396421354570595E-4	0.1135454556118088	6.764167012694833E-5	8.685229777159308E-5	9.283455321314856E-5	1.194632987387519E-4	1.1650505721546516E-4	5.960045156224171E-5	0.026336233012244168	3.624244847535239E-4	0.8580173585969918
37	37	1.0116038040156577E-5	0.013019668941651711	9.335667576122399E-5	0.283290454656158	1.3471873720497286E-4	0.1645776828827556	1.688637669892054E-5	2.1682205873767134E-5	2.3175643553612765E-5	2.98233656917728E-5	2.908485671299011E-5	0.5362919475322707	8.747536896007541E-5	9.047731025822168E-5	0.002283449408408301
38	38	4.3137332499787933E-5	1.928453829991115E-4	3.980963641497417E-4	6.425209119661385E-5	0.009795524630416089	0.07476926377066043	7.20077606950885E-5	9.245838344940339E-5	9.882677762778427E-5	1.2717433811556313E-4	1.240251499407691E-4	6.344750277984798E-5	3.7301699157252233E-4	3.8581802488308676E-4	0.9134001054990142
39	39	9.860177377892966E-6	4.4079908809574446E-5	0.6661288335322639	1.4686513499699645E-5	1.3131135328809225E-4	0.10139907833939761	1.6459276730704947E-5	2.1133807031040745E-5	2.258947182467362E-5	2.906905594456383E-5	2.8349225760349613E-5	1.450260355335448E-5	8.526289153116172E-5	0.23193680343007161	1.1798041291580611E-4
40	40	1.3822340038761938E-5	6.179275129569275E-5	1.2756058371248566E-4	2.058806609624054E-5	0.8599924177316018	0.06827806338547175	2.3073187331697037E-5	2.9626106701849847E-5	3.16667083045309E-5	4.0750014981720035E-5	3.974093196069028E-5	2.033025472860807E-5	1.1952449071292823E-4	1.2362627969737713E-4	0.07107741716736378
41	41	1.789321508887385E-5	7.999159236182076E-5	1.6512898357507375E-4	2.6651543363201736E-5	0.007888008850940246	0.3025790468445175	2.9868568024963267E-5	3.835141502636682E-5	4.099300272317356E-5	5.275147195757007E-5	5.144519968477237E-5	2.6317802893753864E-5	1.5472614728888483E-4	0.23730131839921867	0.4515475069633353
42	42	4.274319535716805E-5	1.9108339346897356E-4	3.944590376309053E-4	6.366503274482596E-5	0.018842824032471266	9.917188806731218E-4	7.134984024887273E-5	0.018365211895979974	9.792381721063894E-5	1.2601237173204396E-4	1.2289195705706687E-4	6.286779569081694E-5	3.6960881024355904E-4	3.8229288308394067E-4	0.9598753470564069
43	43	1.803114830281508E-5	8.060822259668578E-5	0.8828111875369596	2.6856991797947618E-5	2.4012696671050067E-4	4.1835501680900983E-4	3.0098815499385416E-5	3.864705412238764E-5	4.130900499479577E-5	5.315811660086633E-5	5.1841774682564774E-5	2.652067862731974E-5	1.559188828967841E-4	1.612696386500101E-4	0.11584607015074944
44	44	9.058300256900029E-6	4.049511829159636E-5	8.359525702397802E-5	1.3492135476747724E-5	1.2063248150994148E-4	0.025382136002090088	1.5120729062380538E-5	1.9415104041410286E-5	2.0752387162065737E-5	2.670502028907235E-5	2.604373016287125E-5	1.3323181973136324E-5	0.9740398279158785	8.101695935724138E-5	1.0838567742406986E-4
45	45	1.2361388193544632E-5	0.010624758781523799	0.8166077378029959	1.8412011023914843E-5	1.6462083287193898E-4	0.018783426525194557	2.0634467439641287E-5	2.649477617957244E-5	2.831969645272245E-5	3.644294328378565E-5	3.554051526454407E-5	1.8181449021599997E-5	1.068913529977493E-4	0.153368269197148	1.4790826040886231E-4
46	46	1.4598760843293008E-5	6.526373938748096E-5	1.347258459441166E-4	2.1744527505622398E-5	1.9441668939546586E-4	3.38717464657148E-4	2.4369241590305544E-5	3.1290247906310755E-5	3.3445473048395264E-5	0.9736814080577655	4.197323750947616E-5	2.1472234501095368E-5	1.2623835399369369E-4	1.3057054638989429E-4	0.025139765579562278
47	47	4.6113859967023635E-5	2.061519447673726E-4	0.020140192470275122	6.868556223414254E-5	6.141140392853069E-4	0.001069924351885042	7.697638219165692E-5	9.883812234296415E-5	1.0564594332628778E-4	1.3594951934704877E-4	1.325830334266926E-4	6.782545625559106E-5	3.987556095356683E-4	4.1243992943466705E-4	0.9764258037757254
48	48	2.277047059766443E-5	1.0179535611058455E-4	2.1013913076227812E-4	0.5597875720561684	3.032421420622529E-4	0.4385963943733158	3.8010013663205296E-5	4.8805078567446736E-5	5.216669886220818E-5	6.713024100069475E-5	6.546791065745869E-5	3.349139626449696E-5	1.969007341627607E-4	2.036578870910129E-4	2.724565107137806E-4
49	49	7.2478963149693365E-6	3.2401710068766586E-5	0.5717632519497259	1.0795579328306883E-5	9.65227132469474E-5	0.3720031978034064	1.2098680032978196E-5	1.55347755147875E-5	1.6604787451617064E-5	2.1367719401541248E-5	2.0838595599847046E-5	1.0660393096729558E-5	6.267398380863544E-5	0.055840079841281816	8.672357172075146E-5
50	50	1.0792856086501467E-5	4.824944763716902E-5	0.5422644314025471	1.6075717559615684E-5	0.00475790090905379	0.3301634795890586	1.801616727916933E-5	2.313286354840985E-5	2.47262203437035E-5	3.181871130265412E-5	3.103079205057632E-5	1.587441148694504E-5	0.0024004123248790666	0.0024036151124014545	0.11779044347476524
51	51	1.3781619929598259E-5	6.161071210614681E-5	0.8014292553170128	2.052741440509729E-5	0.08856243938147018	0.0533471012304253	2.300521456411456E-5	2.9538829273020063E-5	3.157341933787266E-5	4.0629966925180847E-5	3.962385662589403E-5	2.027036254034235E-5	1.1917237592658128E-4	0.05609656847795639	1.649018215015275E-4
52	52	1.5518909254938858E-5	6.937726154049634E-5	0.9455814175630712	2.31150679686837E-5	2.0667062038762056E-4	3.600665599979469E-4	2.5905215717358625E-5	3.326244761696115E-5	3.5553514904315084E-5	4.575171663157519E-5	4.4618777650900026E-5	2.2825612550284197E-5	1.3419505813885746E-4	1.3880030521381452E-4	0.053262921369355135
53	53	1.5570561900613E-5	6.96081746188142E-5	1.4369419065105612E-4	2.3192003428251522E-5	0.9587774299991444	3.612649941235129E-4	2.599143781625614E-5	3.337315729331722E-5	3.567185009641233E-5	4.59039951950575E-5	4.476728537618889E-5	2.290158459561205E-5	1.3464170871689736E-4	0.04007968192970086	1.863071273427736E-4
54	54	9.538506186057797E-6	4.264187820836519E-5	8.802687630506816E-5	1.4207391459568436E-5	0.030711339653994973	0.04711725569968707	1.5922321363696926E-5	2.044435321746827E-5	2.1852529470973033E-5	2.8120728392954488E-5	2.7424381420492047E-5	1.402948125636824E-5	0.9216897527967036	8.531189584005956E-5	1.141315064934003E-4
55	55	4.5663738184578744E-5	2.0413967598528564E-4	4.2141150347801157E-4	6.801511591446401E-5	6.0811961361404E-4	0.0010594807183072828	7.622500838814003E-5	9.787335401009555E-5	1.0461472320391879E-4	1.346225031307793E-4	1.312888778003657E-4	6.716340551234951E-5	3.9486331802390915E-4	0.07849717657776382	0.918089341866683
56	56	1.3311053400879638E-5	5.9507045115199904E-5	1.228421335955182E-4	1.9826516093467766E-5	1.772678491239351E-4	3.08840339824681E-4	2.2219713003691104E-5	2.8530240701834423E-5	3.0495360705179455E-5	0.9987658826026209	3.827091983311202E-5	1.9578241136240117E-5	1.1510329467594512E-4	1.1905335899631541E-4	1.5927133117312286E-4
57	57	4.616062112137685E-6	2.0636099044076397E-5	0.3049424530587422	6.875521192687623E-6	6.147367735652399E-5	0.2902059905302743	7.70544390815332E-6	9.893834784345719E-6	1.0575307220828126E-5	1.3608737717250468E-5	1.3271747751129353E-5	6.7894233769148E-6	3.991599624269691E-5	0.4046009617897937	5.523277048301837E-5
58	58	4.3137332499787933E-5	1.928453829991115E-4	3.980963641497417E-4	6.425209119661385E-5	5.74474605343864E-4	0.028664013645299295	7.20077606950885E-5	9.245838344940339E-5	9.882677762778427E-5	1.2717433811556313E-4	1.240251499407691E-4	6.344750277984798E-5	3.7301699157252233E-4	3.8581802488308676E-4	0.9687264056494476
59	59	1.4924784562195226E-5	6.672122795469364E-5	0.9987100019897763	2.2230132537395456E-5	1.9875845872601062E-4	3.4628180033399335E-4	2.4913462490653268E-5	3.198903070693966E-5	3.419238695572811E-5	4.400016153580854E-5	4.2910595901335316E-5	2.19517586073077E-5	1.2905754516196515E-4	1.3348648532266234E-4	1.785801794271084E-4
60	60	7.019512506461651E-6	3.138072058077085E-5	6.478013926660304E-5	1.045540675754957E-5	9.348124798573715E-5	0.33327236542918365	1.1717446292349122E-5	1.5045269174989079E-5	1.6081564652495527E-5	2.0694414910972223E-5	2.0181963989759686E-5	1.032448029254226E-5	0.6587772331548964	0.007565248368591279	8.399088091830883E-5
61	61	1.1206526522724752E-5	5.0098760728313005E-5	1.0342033697763541E-4	1.6691870415003582E-5	1.4924114516004194E-4	0.048170225584088865	1.8706694023685706E-5	2.4019503903703084E-5	2.5673931151088912E-5	3.3038264318013404E-5	3.222014556192078E-5	1.6482848648708503E-5	0.8600852471747586	1.0023058168510642E-4	0.09116349663205668
62	62	1.562255953258594E-5	6.98406299578855E-5	0.9986496910137862	2.3269452737189437E-5	2.0805096657257262E-4	3.6247143255065806E-4	2.607823578967829E-5	3.348460639591157E-5	3.579097564531331E-5	4.6057290821989655E-5	4.4916784979624984E-5	2.2978064055698394E-5	1.350913424592605E-4	1.3972734782593196E-4	1.8692929688959801E-4
63	63	1.1153091821081742E-5	4.985988097134518E-5	1.0292721050896437E-4	1.6612280622958664E-5	1.4852953696919735E-4	2.587717564029252E-4	1.861749719611779E-5	2.3904974658436513E-5	2.5551513303928178E-5	0.9965818667842898	3.206651420598686E-5	1.6404255509435184E-5	9.64429768079069E-5	0.0024838411479127702	1.334505788191316E-4
64	64	4.3137332499787933E-5	1.928453829991115E-4	3.980963641497417E-4	6.425209119661385E-5	5.74474605343864E-4	0.0010008635700826175	7.20077606950885E-5	9.245838344940339E-5	9.882677762778427E-5	1.2717433811556313E-4	1.240251499407691E-4	6.344750277984798E-5	3.7301699157252233E-4	0.028048968100099766	0.9687264056494476
65	65	1.789321508887385E-5	0.007729710380360317	1.6512898357507375E-4	2.6651543363201736E-5	0.0040631494569409975	4.1515471857687253E-4	2.9868568024963267E-5	3.835141502636682E-5	4.099300272317356E-5	5.275147195757007E-5	5.144519968477237E-5	2.6317802893753864E-5	0.9869684497990949	1.6003597126529537E-4	2.1409847142402844E-4
66	66	1.3464297302923034E-5	6.019212175924094E-5	0.8981015989014728	2.0054769455435977E-5	1.793086505607918E-4	3.1239587351219626E-4	2.2475518116962227E-5	2.8858695954752084E-5	3.084643946115332E-5	3.9694459496280085E-5	3.87115149470666E-5	1.9803636225306898E-5	1.164284248127551E-4	1.2042396436724442E-4	0.10089574273255522
67	67	1.5570561900613E-5	6.96081746188142E-5	0.8954747679207106	2.3192003428251522E-5	2.0735849632985142E-4	0.10354068241282925	2.599143781625614E-5	3.337315729331722E-5	3.567185009641233E-5	4.59039951950575E-5	4.476728537618889E-5	2.290158459561205E-5	1.3464170871689736E-4	1.3926228375025002E-4	1.863071273427736E-4
68	68	4.1976140232945616E-5	1.8765427463755685E-4	3.8738020733798255E-4	6.252252130662768E-5	5.590106109203361E-4	9.739218244902157E-4	7.006941981895343E-5	8.996954249321499E-5	9.616650905557035E-5	1.2375099574822256E-4	1.2068657899399376E-4	6.17395912028218E-5	3.629759338409872E-4	3.754323825417385E-4	0.9964867434673789
69	69	4.4364597004757036E-5	1.983318672063384E-4	4.094222739583891E-4	6.608007420636602E-5	5.908185063523031E-4	0.00102933831023687	7.40563938316837E-5	9.508884030935951E-5	1.0163841639389597E-4	1.307924698373829E-4	1.275536867191275E-4	6.525259511120664E-5	3.836293889318066E-4	0.12368087084236794	0.8730027617375327
70	70	2.222946943309906E-5	9.937681118122231E-5	2.0514645773097025E-4	3.3110297148643636E-5	2.960374445880688E-4	0.171579790067394	3.710693783221878E-5	4.7645523949177165E-5	5.0927275868513846E-5	6.553530081695277E-5	6.391246560174781E-5	3.269567777882492E-5	1.9222259077398255E-4	1.988192012317728E-4	0.8270754444786708
71	71	4.394782264193653E-5	1.964686780157985E-4	4.055760380208637E-4	6.54592981217881E-5	5.852681796694947E-4	0.001019668396672013	7.336068580240364E-5	9.41955471543011E-5	1.0068359455191894E-4	1.2956376605196702E-4	1.263554090360896E-4	6.463959261403662E-5	3.8002545911105043E-4	3.930670059329123E-4	0.9963217205266035
72	72	4.394782264193653E-5	1.964686780157985E-4	4.055760380208637E-4	6.54592981217881E-5	5.852681796694947E-4	0.001019668396672013	7.336068580240364E-5	0.00948849620485702	1.0068359455191894E-4	1.2956376605196702E-4	1.263554090360896E-4	6.463959261403662E-5	3.8002545911105043E-4	0.15070187752917638	0.8366186093456572
73	73	5.3013200153060845E-6	2.3699543516224223E-5	0.30941576310226565	7.896197501028963E-6	7.059949113936199E-5	0.1406412715379005	8.849322869746758E-6	1.1362582022557297E-5	1.2145219556377343E-5	1.5628965098587235E-5	0.0011484538148036842	7.79731839954754E-6	4.5841555999838316E-5	0.5485219579119796	6.343211693198699E-5
74	74	1.1021708183346362E-5	4.927253060750383E-5	1.0171472597502898E-4	1.6416587635369367E-5	1.4677985614604854E-4	2.557234200989843E-4	1.8398182718447068E-5	2.3623373593818646E-5	0.9989708934542647	3.2493396366751475E-5	3.1688770047374965E-5	1.6211013061713526E-5	9.530687667259727E-5	9.857757621330324E-5	1.3187852841513442E-4
75	75	1.3945957051075306E-5	6.234538097173715E-5	1.2870139331514822E-4	2.0772190869107534E-5	0.17308907359784625	0.0510021395003095	2.327953723153256E-5	2.989106117313977E-5	3.194991244069218E-5	4.111445364330981E-5	4.009634611355823E-5	2.0512073823064767E-5	0.7304881947647056	0.04484111565883615	1.6686817167010836E-4
76	76	8.31746347201919E-6	3.7183208508559166E-5	7.675838479756263E-5	1.2388675668142176E-5	0.5726086245014186	0.11220343056474397	1.3884074062443291E-5	1.7827231830483186E-5	1.9055144705122874E-5	2.4520939301465017E-5	2.3913733058230277E-5	1.2233540095804856E-5	7.192274120941987E-5	0.31477041848658444	9.952131054367027E-5
77	77	1.16531712664845E-5	5.209548541395072E-5	1.0754223414311783E-4	1.7357137763388665E-5	1.551892659183562E-4	0.15969345455854614	1.9452263718439762E-5	2.497681972716997E-5	2.66971854464346E-5	0.8394965109764191	3.3504304273295236E-5	1.713978527364794E-5	1.0076726204905641E-4	1.0422534869724481E-4	1.3943420134417917E-4
78	78	1.198147373382016E-5	5.3563161122763035E-5	0.012916390333165629	1.784613693994711E-5	1.595613821208821E-4	0.1744371210347999	2.000028846020212E-5	2.568048668229416E-5	2.744931992146719E-5	3.53229071768653E-5	3.4448214347879235E-5	1.7622661021911065E-5	0.7197905964800576	1.0716166863571831E-4	0.09234525445181327
79	79	1.110016427346578E-5	4.9623268445727055E-5	0.7119348409138175	1.6533446225485187E-5	1.4782468272192447E-4	2.5754374226313366E-4	1.8529146944443635E-5	2.3791532421540266E-5	2.5430257336636916E-5	3.272469489064887E-5	3.1914340980414815E-5	1.6326408305403484E-5	9.598530190222944E-5	0.28720501481695965	1.328172825118712E-4
80	80	2.1513865564284654E-5	9.6177705113228E-5	1.9854244951261546E-4	0.27596069244586696	2.8650750320558487E-4	0.6673267263703395	3.591240332690785E-5	4.611173469827613E-5	4.9287841524416405E-5	0.0046622364100835706	6.185501624211629E-5	3.164314912615278E-5	0.05077295342800983	1.9241887800209635E-4	2.5742079938442645E-4
81	81	1.0408638374773252E-5	4.653180290858887E-5	0.6319829577519942	1.550343387810995E-5	1.3861539589969448E-4	0.23831156383412835	1.7374805019667633E-5	2.2309350677761338E-5	2.3845985147013783E-5	3.068598866196807E-5	2.992611875379272E-5	1.5309294153065792E-5	9.000554155599013E-5	0.05349198733674402	0.07577297472210302
82	82	4.5663738184578744E-5	2.0413967598528564E-4	4.2141150347801157E-4	6.801511591446401E-5	6.0811961361404E-4	0.0010594807183072828	7.622500838814003E-5	9.787335401009555E-5	1.0461472320391879E-4	1.346225031307793E-4	1.312888778003657E-4	6.716340551234951E-5	3.9486331802390915E-4	4.0841406397206344E-4	0.9961781043804747
83	83	1.2136896627155523E-5	5.4257978944245985E-5	0.9600351645626573	1.807763586067139E-5	1.6163120192976048E-4	2.815977943939457E-4	2.0259730893502466E-5	2.6013612275279945E-5	2.7805390703497962E-5	3.5781113617609585E-5	3.489507433047648E-5	1.7851261027648463E-5	1.0495013030558863E-4	0.03902435547481168	1.4522214162178196E-4
84	84	1.1740910584993E-5	5.248772391135749E-5	1.0835194354486124E-4	1.7487823514399455E-5	1.563577204205802E-4	0.020350336693660792	1.9598724138790077E-5	2.5164875758550403E-5	2.6898194493980497E-5	3.461369644327995E-5	3.3756565632612505E-5	1.726883452941723E-5	0.8634523648791981	1.0501008453068338E-4	0.11558856132963775
85	85	1.3503161190107127E-5	6.036586271109251E-5	1.2461501587600422E-4	2.0112656345489263E-5	1.798262142337964E-4	0.1302031005167129	2.2540392352939774E-5	2.894199485098353E-5	3.0935475859880865E-5	3.980903517453417E-5	3.882325341479202E-5	1.986079823434305E-5	0.6784301797960446	0.023212292082031283	0.16757509374496726
86	86	1.2731441774013791E-5	5.6915892169564436E-5	0.8546612947974277	1.8963197548952173E-5	1.6954896292256625E-4	0.144533677302348	2.125218597072837E-5	2.7287930365451005E-5	2.916748190416572E-5	3.7533908265537624E-5	3.660446493746442E-5	1.8725733385396138E-5	1.100912790318388E-4	1.1386934320030501E-4	1.5233607874837922E-4
87	87	6.697907240469099E-6	2.9942984700946344E-5	6.181217904134631E-5	9.976382912485293E-6	8.9198320703238E-5	0.32229843326877966	1.1180600973228247E-5	1.435595666354362E-5	1.5344773333599615E-5	1.9746281717124797E-5	1.9257309194828563E-5	9.851454960988057E-6	0.6772741540876461	5.990572881113171E-5	8.014276332127966E-5
88	88	1.656285284006232E-5	7.404420983878506E-5	1.5285162789350611E-4	2.466999857167827E-5	0.8322335454704889	0.014546210858351973	2.7647837142944282E-5	3.5499983660557826E-5	3.794516906010822E-5	4.882939498520813E-5	4.762024418050702E-5	0.010645803271267235	1.4322224347759164E-4	0.035552944613299026	0.10641260222494199
89	89	5.579522377792783E-6	2.4943246778248337E-5	5.149107382340686E-5	8.310573692827485E-6	7.430440711663207E-5	0.08003904792056994	9.313717119039964E-6	1.195886693904933E-5	1.2782575679710476E-5	0.918380428199189	1.6041814813352875E-5	8.206505619627082E-6	4.8247226501222855E-5	4.990295363306431E-5	0.0012594413961470837
90	90	1.2560525858128258E-5	5.615181281301749E-5	1.1591582942580551E-4	1.8708622117926528E-5	1.6727281723539822E-4	2.914267532083279E-4	2.096688153355373E-5	2.692159780910603E-5	2.8775916913160498E-5	3.7030026425457115E-5	3.611306060468443E-5	1.847434584194243E-5	0.9640028036721696	0.03501658712700149	1.5029101104247075E-4
91	91	4.901265882536418E-5	2.1911102090117895E-4	0.13665281892154366	0.5343980481257734	6.527183347670596E-4	0.3259229932765365	8.181525382322126E-5	1.05051261655379E-4	1.1228703431545139E-4	1.4449554676173467E-4	1.409174375777973E-4	7.208908448581801E-5	4.2382209294229456E-4	4.3836663341117733E-4	5.864533166799553E-4
92	92	1.4553345153422874E-5	6.506070861112922E-5	0.983187468085246	2.1676881852120126E-5	0.015748450502266434	3.376637391051239E-4	2.429343064098486E-5	3.1192906206550984E-5	3.334142659898557E-5	4.2905110956107254E-5	4.184266180116517E-5	2.140543593145043E-5	1.258456355981918E-4	1.3016435085695343E-4	1.7413577917540327E-4
93	93	4.7041260877972225E-5	2.1029788920810696E-4	4.3412408313917635E-4	0.49279226223835076	0.040848684581491754	0.31281364692904357	7.852446268236231E-5	1.0082586669494124E-4	1.0777060051501339E-4	1.386836150869334E-4	1.352494253978737E-4	6.918950146806991E-5	0.12107343510907204	4.207345542295294E-4	0.03072952988274189
94	94	1.3273285924378139E-5	5.933820566573053E-5	1.2249359338203995E-4	1.9770262282584762E-5	1.7676488672684808E-4	0.5450699201570227	0.059605495616365606	2.8449291796977844E-5	3.0408836161692797E-5	3.913133367854187E-5	3.8162333681290835E-5	1.9522691756353714E-5	1.1477671188448613E-4	0.05119014895216131	0.34347234384150954
95	95	3.0686866664315465E-5	1.371855933593408E-4	2.831962325503543E-4	4.5707401018911405E-5	0.0725646465158625	7.119904070203467E-4	5.1224598814889164E-5	6.577268274351322E-5	0.12470335767835165	9.046878262335865E-5	8.822852547205661E-5	4.513503606182769E-5	0.8005407590519728	2.744617156458396E-4	3.671789118383875E-4
96	96	2.5501226266784797E-5	1.1400319540827642E-4	2.353401304593145E-4	3.798350571925134E-5	3.3960854894001137E-4	5.916742386188188E-4	4.2568376207753965E-5	5.465804258100515E-5	5.842280622047601E-5	7.518085573857663E-5	7.331916991916486E-5	0.09815821330783539	2.2051411508796967E-4	2.2808162165326222E-4	0.8997449308593439
97	97	4.123613039378067E-5	1.8434606171415513E-4	0.009195199420009839	6.142029321515606E-5	5.491556468864115E-4	9.567522674823378E-4	6.883414521288308E-5	8.838344271603984E-5	9.447116111494637E-5	1.2156935270167421E-4	1.1855895946025166E-4	6.065116561860739E-5	3.5657692333330846E-4	3.688137736015108E-4	0.9877340312565391
98	98	2.6816871438478587E-5	0.011584650857725877	2.4748166840362376E-4	3.9943129753826715E-5	3.5712944550414326E-4	0.18979083976463504	4.476454034663392E-5	5.7477930105770816E-5	6.143692335024265E-5	7.905954489734453E-5	7.710181201204283E-5	3.944294713049447E-5	2.318907574411922E-4	2.3984868262283797E-4	0.7971221151246325
99	99	1.5887845509064023E-5	7.10265905348048E-5	1.46622268109932E-4	2.366459026114125E-5	0.9885031502314257	0.0037648174932378986	2.652106913154268E-5	3.405320698189079E-5	3.639874058314988E-5	4.683938759327486E-5	4.5679514872810633E-5	2.3368253521635594E-5	0.006929767221819444	1.4210005159648748E-4	1.9010353482124312E-4
100	100	1.2012239044014522E-5	5.370069739781081E-5	0.9681488620074938	1.789196118084819E-5	1.5997109427525036E-4	0.031091586344998867	2.0051644002276882E-5	2.5746427496944772E-5	2.751980264010175E-5	3.5413607220983864E-5	3.453666840817258E-5	1.7667911434742903E-5	1.0387219168617615E-4	1.0743683194615627E-4	1.4373057077387452E-4
101	101	1.446335624154219E-5	6.465841330978232E-5	0.9678329680790269	2.1542845382135105E-5	0.003284305127193604	3.3557583476812773E-4	0.027849368219611283	3.1000028510163524E-5	3.313526377741003E-5	4.263981220806292E-5	4.15839325835191E-5	2.1273077915647453E-5	1.2506748379233356E-4	1.2935949477913837E-4	1.7305903090053643E-4
102	102	4.1976140232945616E-5	1.8765427463755685E-4	3.8738020733798255E-4	6.252252130662768E-5	5.590106109203361E-4	0.009946755018321598	7.006941981895343E-5	8.996954249321499E-5	9.616650905557035E-5	1.2375099574822256E-4	1.2068657899399376E-4	6.17395912028218E-5	3.629759338409872E-4	3.754323825417385E-4	0.9875139102735475
103	103	1.5518909254938858E-5	6.937726154049634E-5	0.972120033704911	2.31150679686837E-5	0.02011063272676743	0.006994720595457885	2.5905215717358625E-5	3.326244761696115E-5	3.5553514904315084E-5	4.575171663157519E-5	4.4618777650900026E-5	2.2825612550284197E-5	1.3419505813885746E-4	1.3880030521381452E-4	1.8568908567564375E-4
104	104	1.562255953258594E-5	6.98406299578855E-5	1.4417405500597252E-4	2.3269452737189437E-5	2.0805096657257262E-4	0.20073147149116877	2.607823578967829E-5	3.348460639591157E-5	3.579097564531331E-5	4.6057290821989655E-5	4.4916784979624984E-5	2.2978064055698394E-5	0.7982716082426213	1.3972734782593196E-4	1.8692929688959801E-4
105	105	3.0889490430082404E-5	1.3809142261325306E-4	2.8506616237141E-4	4.60092045826047E-5	4.1136590502395786E-4	0.0997609023057403	5.156283214530094E-5	6.620697630655015E-5	7.076721310443412E-5	9.106614323433337E-5	8.881109378294907E-5	4.54330603298286E-5	2.6710749422195274E-4	0.09932048463544048	0.7993262360606725
106	106	9.12900642615106E-6	4.081121011970561E-5	8.424777462927802E-5	1.3597450733199957E-5	1.2157409973995284E-4	2.1180934085411105E-4	1.5238756594915602E-5	1.956665207950194E-5	2.0914373600738514E-5	2.691347106138728E-5	2.624701911781856E-5	1.3427178433050233E-5	0.9992056426139546	8.164935160281233E-5	1.092317010526746E-4
107	107	1.0893383909837096E-5	4.8698857127042356E-5	1.0053047503145367E-4	1.622545150231577E-5	1.4507091792228063E-4	0.03285277138465141	1.8183975139008267E-5	2.3348329816226597E-5	2.495652760348235E-5	0.9663900084384512	3.131982193814486E-5	1.6022270405912055E-5	9.419723146098407E-5	9.742985068460614E-5	1.3034308435611695E-4
108	108	1.1950865611032447E-5	5.3426327553790975E-5	0.0026649103949810734	1.7800546826169837E-5	0.817637830398933	0.053924319695002644	1.994919530600594E-5	2.561488277520541E-5	2.7379197316079847E-5	3.523267054119696E-5	3.436021222076184E-5	1.757764180437672E-5	1.0334148354993329E-4	0.12528331027103476	1.4299621654394754E-4
109	109	1.6922331982121008E-5	7.565126082717985E-5	1.561691102492344E-4	2.520543470739549E-5	0.9190254303781592	0.058269798244534134	2.824790410434865E-5	3.627047312832193E-5	3.876872868179404E-5	4.988918517872297E-5	4.865379103912714E-5	2.488980294463992E-5	1.4633073026463304E-4	1.513524440063584E-4	0.021906420180192933
110	110	2.310789835202613E-5	1.0330382640194371E-4	2.1325311010198962E-4	3.441869736112601E-5	3.077357828319959E-4	0.06475031761580455	3.857327095288768E-5	4.952830420267577E-5	5.293973918976923E-5	6.812502090098137E-5	6.643805705742658E-5	3.398769372060339E-5	1.9981853826679734E-4	2.0667582311497095E-4	0.9338517766217402
111	111	1.0029288404899384E-5	4.483591941297896E-5	9.255609973146197E-5	1.4938400589139468E-5	1.335634626529744E-4	2.3269749928012224E-4	1.6741568324967034E-5	2.1496271079566663E-5	0.9990635565581255	2.9567616742862845E-5	2.883544081505221E-5	1.4751336419628615E-5	8.672522781577051E-5	8.97014260995426E-5	1.2000388450563433E-4
112	112	1.0271516472445281E-5	4.5918799641125955E-5	0.07255099911029093	1.5299193873852075E-5	0.0725929968858793	0.5381707679090931	1.7145911841608085E-5	2.2015450506145174E-5	2.3531841574289815E-5	3.028173586840944E-5	2.9531876376926377E-5	1.510761171757503E-5	0.09011016864450702	9.186790114971554E-5	0.2262740956112076
113	113	5.006164673268113E-5	2.2380051983459043E-4	4.61997958444165E-4	0.5779390230962792	6.666880653726633E-4	0.27939255513494116	8.356629557348458E-5	0.07501565519755889	0.042919464866693326	1.4758809641822812E-4	1.4393340715569545E-4	7.363196299287092E-5	0.011134086552971224	0.01114894238132848	5.990048177032956E-4
114	114	1.7297761537468154E-5	7.732961811527742E-5	0.9911097477141164	2.576462862668078E-5	2.303602044150073E-4	4.0133912700590077E-4	2.8874596577264858E-5	3.707514990769154E-5	3.962883038561109E-5	5.099599921759587E-5	4.97331973027007E-5	2.5441994431135804E-5	1.4957714340999131E-4	1.5471026613241321E-4	0.007602123768818917
115	115	0.032405880761057194	5.645496945408953E-5	1.1654164454619748E-4	1.880962763771701E-5	1.6817590233408596E-4	2.9300012993821835E-4	2.108007911455852E-5	2.7066944161347193E-5	2.8931274503203244E-5	3.722994692432563E-5	3.6308030519337104E-5	1.8574086533308817E-5	0.9665078969961852	1.129471936059375E-4	1.5110241348539227E-4
116	116	1.6861339070638063E-5	7.53785921039755E-5	1.556062322293572E-4	2.5114587130972716E-5	2.245482172135121E-4	0.3608197378941077	2.8146090600368494E-5	3.6139743997177506E-5	3.8628995125018694E-5	4.97093703246723E-5	4.8478428897946224E-5	2.4800092995122667E-5	1.4580331257257412E-4	0.16594792822052679	0.47236311888310434
117	117	1.0455162885144748E-5	4.6739790665399785E-5	9.648631683913022E-5	1.5572731094929787E-5	1.3923497871081553E-4	0.038235861046588805	1.7452466887362012E-5	2.2409068967475816E-5	0.9610305097902504	3.082314883089309E-5	3.0059882457767092E-5	1.5377723604542447E-5	9.040784814027523E-5	9.351042497116234E-5	1.2509961910593716E-4
118	118	7.148222827153916E-6	3.195611988460959E-5	0.408043677625265	1.064711789924118E-5	0.04899140023188758	0.22631079928829273	1.1932298287924932E-5	1.532114038664825E-5	1.6376437457658382E-5	2.1073869292922272E-5	2.0552022032242058E-5	1.0513790756511209E-5	6.181208757143461E-5	0.3163612588039937	8.553094416461974E-5
119	119	2.5925192631758347E-5	1.1589853643411448E-4	2.392527383707699E-4	3.861499413005447E-5	3.4525465397440243E-4	0.18348016814449458	4.327608961474157E-5	0.005597344239345615	5.939410479748253E-5	7.643076246030165E-5	7.453812549519511E-5	3.8131442911535354E-5	2.2418023556473185E-4	0.1609434207248508	0.6486981700149239
120	120	1.995387586689046E-5	8.920377341102712E-5	1.8414595833767466E-4	0.3284614323486	2.6573258705249567E-4	0.6701224294506326	3.330836273591125E-5	4.276813143723767E-5	4.571393590735563E-5	5.882656180060226E-5	5.736985350920226E-5	2.9348675988240533E-5	1.7254508600214504E-4	1.784664124923305E-4	2.3875498622617474E-4
121	121	1.7234037390767726E-5	7.704473940895509E-5	0.9985104057047145	2.5669712936535997E-5	2.295115681664219E-4	3.9986061238130336E-4	2.8768223910245505E-5	3.6938566784693775E-5	3.948283962284164E-5	5.0808132335037804E-5	4.95499825234974E-5	2.5348267310319084E-5	1.4902610819025826E-4	1.5414032072799027E-4	2.062111835967511E-4
122	122	2.7286114823698844E-5	1.21982537139027E-4	0.006084500771659191	4.064205727283193E-5	3.6337852009715277E-4	0.31559827410374575	4.554783322620313E-5	5.8483682717896386E-5	6.251195068728764E-5	8.044293402857527E-5	7.845094460411823E-5	4.013312242096552E-5	2.3594839720997087E-4	2.4404557069133466E-4	0.676918371459676
