0	0	0.009083171263499543	1.6555210302019696E-4	0.9274743907620338	3.922757354215396E-4	9.157751603854861E-5	4.1480513340838475E-5	0.01753054729959981	1.263858551264448E-4	4.4159164645065256E-5	1.7859148399843733E-4	8.651027266761548E-5	1.0752326170857599E-4	3.6410021234311305E-4	6.971616449921088E-5	0.044244018392057334
1	1	6.362825015975688E-5	2.512834332291631E-5	0.0013802412870787032	0.37616723153508436	1.3900102878160266E-5	6.29612406863981E-6	3.075225503540779E-5	1.9183490277923077E-5	6.7027034378356E-6	0.003972293085748944	1.3130970811562204E-5	1.632042955735365E-5	0.2091500995955954	1.0581875341561558E-5	0.40912450995160143
2	2	1.4254950806452327E-4	5.62962673052371E-5	1.460247022154426E-4	0.8162302262455654	3.1141086268332185E-5	1.4105517383306255E-5	0.0030150937444741216	4.2977719726890376E-5	1.5016397203551583E-5	6.073033044097564E-5	2.9417961752807662E-5	3.656346353956306E-5	0.07083256368830766	2.370709740645605E-5	0.10932358627034554
3	3	9.988063174778809E-5	3.9445290410572935E-5	1.0231560744116564E-4	9.34656221361077E-5	2.1819727139188073E-5	9.883359167653731E-6	0.0021125956312705594	0.9950334084399147	1.0521588321354032E-5	4.2552119983121734E-5	2.0612379828576603E-5	2.561904202128674E-5	8.675237796691253E-5	1.6610929760567028E-5	0.002284517252890343
4	4	1.421307627027749E-4	5.613089457868133E-5	0.0353961161408974	1.330021639654731E-4	3.104960797695311E-5	1.4064081814292248E-5	6.869340979892602E-5	0.5053003104310851	1.4972285885564347E-5	0.31731523546565676	2.9331545214418047E-5	3.645605677980267E-5	1.2344917559043914E-4	2.363745677974146E-5	0.14131542052127363
5	5	1.0985915848272059E-4	4.338605327962433E-5	1.1253739925792736E-4	1.0280326040452909E-4	2.399961654114054E-5	1.0870751437402337E-5	5.309617742360394E-5	3.3121798782814954E-5	1.1572742569393818E-5	4.680326917440665E-5	0.9990678879565379	2.8178500159059582E-5	9.541933278802055E-5	1.827043675213724E-5	2.421935464092824E-4
6	6	1.1788939747845737E-4	4.655738994130057E-5	1.207634063062332E-4	0.7261948954211354	2.5753886820406415E-5	1.166535730650992E-5	5.6977283016986454E-5	3.554286193192457E-5	1.2418661015810702E-5	5.022438983874708E-5	2.4328851310472588E-5	3.0238229124253195E-5	1.0239408170913182E-4	1.9605928264201128E-5	0.27315074485480006
7	7	0.07935657707129755	0.010048343718194307	0.9076030787117823	4.464251426302134E-4	1.0421879807400621E-4	4.720644794575147E-5	2.3057117533217095E-4	1.438320505361712E-4	5.0254857986359826E-5	2.032440997933977E-4	9.84520767595208E-5	1.2236568084624154E-4	4.1436029442987584E-4	7.93397242547944E-5	0.0010517301501375119
8	8	1.3690271316374887E-4	5.4066210678118086E-5	1.4024024490616848E-4	0.9763023664335014	2.990749851673504E-5	1.3546757379751663E-5	6.616663415511678E-5	4.127524897202206E-5	1.442155463756646E-5	5.832462785446638E-5	2.825263190584853E-5	3.511507987080707E-5	0.022754833087223494	2.2767991277192218E-5	3.0181328595736733E-4
9	9	0.026969943605808882	6.403081272236146E-5	1.660870393004865E-4	0.9719348051615214	3.5419560803332064E-5	1.604347473031264E-5	7.836138887702714E-5	4.8882429596014365E-5	1.7079500349319906E-5	6.907407189093496E-5	3.345969617229646E-5	4.1586918608453794E-5	1.4082353581379577E-4	2.6964216046387047E-5	3.5743858775880806E-4
10	10	8.936533736349251E-5	3.5292544943478004E-5	9.154396219297963E-5	8.362569106664618E-5	1.9522576528117304E-5	8.842852821878573E-6	0.9992665189670119	2.6943049293223325E-5	9.413890095447947E-6	3.8072291807542537E-5	1.8442337067876913E-5	2.2921904808761704E-5	7.761920793287374E-5	1.4862154113349651E-5	1.9701323295253964E-4
11	11	2.165612593044861E-4	8.552530771446607E-5	2.2184077539590626E-4	2.026522307406309E-4	4.730954845054317E-5	2.1429106625099305E-5	1.0466651306926466E-4	6.529176587461668E-5	2.281291554612402E-5	0.3268303985297841	4.469177712262308E-5	5.5547225775604574E-5	0.04942261036308996	3.60158301386237E-5	0.6226226468513679
12	12	1.4960160304452625E-4	5.9081311108239694E-5	1.5324871921439177E-4	0.9029893620202599	3.2681673122166446E-5	1.4803334230798523E-5	7.230415167759642E-5	4.510387902167232E-5	1.5759276367252128E-5	6.373473266060921E-5	3.0873303572051205E-5	3.837230189460083E-5	1.2993805290045302E-4	2.4879915923197875E-5	0.09618025572500233
13	13	1.5486891937048118E-4	6.116150241786509E-5	1.5864444669472762E-4	0.9987989595880771	3.383236072773089E-5	1.5324544180997015E-5	7.484990540493028E-5	4.6691939533724716E-5	1.6314144042498605E-5	6.597876608700024E-5	3.196032037288606E-5	3.9723350600768394E-5	1.3451303614579724E-4	2.575591179933592E-5	3.414212645439989E-4
14	14	9.315039667109464E-5	3.678735691049296E-5	9.542129692225987E-5	8.716764826912385E-5	2.034945316928704E-5	9.2173909075243E-6	0.8529185491464947	2.808421926483873E-5	9.8126144037509E-6	3.968483965572817E-5	1.9223460282225344E-5	2.38927596357454E-5	8.090676118453358E-5	1.5491639061511803E-5	0.14652226101716723
15	15	1.3387238786076905E-4	5.2869461523423304E-5	1.3713604373429735E-4	1.2527419780292078E-4	2.9245499587643758E-5	1.3246901513403064E-5	0.9546314573035161	4.036162623616653E-5	1.4102335237770843E-5	5.7033619141126505E-5	2.7627263252725755E-5	3.433781174668022E-5	1.16276276869742E-4	2.226402449325584E-5	0.044564895247483964
16	16	3.327194178303419E-4	1.3139898929248852E-4	0.7842742861125508	3.113499268086593E-4	7.268523220097015E-5	3.292315487925161E-5	1.6080706866307098E-4	1.0031267088437842E-4	3.504920503277618E-5	1.417483684322477E-4	6.866335241030118E-5	8.534139800214427E-5	2.889869656154646E-4	0.06194481715894587	0.15201891097845124
17	17	0.003964837072595859	7.226409108219262E-5	1.874430204036839E-4	0.9947990809307768	3.9973916606080694E-5	1.810639393588835E-5	8.843733668804452E-5	5.5167882375036856E-5	1.92756349077319E-5	7.795582798844031E-5	3.776204656750997E-5	4.693429220053484E-5	1.5893105812493652E-4	3.0431357677513032E-5	4.0339913806954086E-4
18	18	1.5841839431787077E-4	6.256327639200635E-5	1.6228045378623672E-4	0.0034224180838450485	3.460777207109317E-5	1.5675770791679894E-5	7.656540690858397E-5	0.995396776676327	1.668805151084239E-5	6.749094799049278E-5	3.2692826010138724E-5	4.0633778841353615E-5	1.3759597011239034E-4	2.634621722698743E-5	3.4924637386826523E-4
19	19	1.4130060936744313E-4	5.5803046838589384E-5	1.4474535679493206E-4	1.3222532869123217E-4	3.086825430563908E-5	1.3981936723359827E-5	6.829218727555756E-5	0.9988145604871201	1.4884836182002041E-5	6.019826244866345E-5	2.9160226355452206E-5	3.624312527536766E-5	1.2272813714027145E-4	2.3499395791315625E-5	3.115088096899669E-4
20	20	1.2888008350202628E-4	5.089787912749059E-5	1.3202203269874684E-4	1.2060253299045798E-4	2.815489055767075E-5	1.2752904467246107E-5	0.9989421950437654	3.885647998603523E-5	1.3576437770780143E-5	5.4906748992748735E-5	2.659700070971232E-5	3.305730267388377E-5	1.1194015817408599E-4	2.143376525685203E-5	2.8412673932678756E-4
21	21	2.0379126871990252E-4	8.048212788735874E-5	0.5056410907395236	1.9070241530820325E-4	4.451984132464901E-5	0.16849760925173582	9.84946317701425E-5	6.144169944007773E-5	2.146770395257069E-5	8.682114206064717E-5	4.2056432394313305E-5	5.2271766663331515E-5	0.17286638491098472	3.389208088982785E-5	0.15207897398734488
22	22	1.078992274459377E-4	4.261202885088608E-5	1.1052968734159102E-4	1.0096920939292406E-4	2.3571453846473005E-5	1.0676812912571307E-5	0.9455932069819856	3.253089273251304E-5	1.1366280243851599E-5	4.596828025637073E-5	2.2267178535090695E-5	0.0022577254497595867	9.371701397889028E-5	1.7944484901234206E-5	0.05152901501781645
23	23	4.818161944888101E-4	1.90280932184323E-4	0.9963061076582781	4.5087070020605663E-4	1.0525662193982494E-4	4.76765356766025E-5	2.3286723202205605E-4	1.4526434813962356E-4	5.0755302166828496E-5	2.0526803003679438E-4	9.943247489103537E-5	1.235842136472935E-4	4.1848654622469734E-4	8.012979918235817E-5	0.0010622034109156562
24	24	1.3966905919312524E-4	5.51587079981233E-5	0.3754095424683983	1.3069856770243544E-4	3.0511829050866904E-5	1.3820492045941787E-5	6.750364056968851E-5	4.2109283729015535E-5	1.4712966031008663E-5	5.950317354542776E-5	2.8823523119660293E-5	3.582463820991502E-5	1.2131103699865623E-4	2.3228056244576767E-5	0.6238275825571632
25	25	9.369152775825062E-5	3.7001062736232584E-5	9.597562016710547E-5	8.767402425847418E-5	2.0467667606477332E-5	9.270936753175842E-6	4.528217810555173E-5	2.8247366654928426E-5	9.869618033256559E-6	3.991537759430872E-5	0.9604769349620409	2.4031557917437094E-5	8.137676630746013E-5	1.558163339097004E-5	0.038934679700675566
26	26	1.7131980546828332E-4	6.765835739649244E-5	1.754963866012784E-4	0.9986713795733413	3.742618907633717E-5	1.695238746838532E-5	8.280080525787052E-5	5.16517712551384E-5	1.8047107160709893E-5	7.298733288131118E-5	3.5355292018848416E-5	4.394294688136889E-5	1.4880162707352497E-4	2.8491822743108375E-5	3.7768859537585245E-4
27	27	1.605206851839202E-4	6.339352217927983E-5	1.644339961018381E-4	0.9091792725450595	3.506703441517042E-5	1.5883796064853082E-5	7.758146793036342E-5	4.8395908985391E-5	1.6909510252514842E-5	6.83865864301599E-5	3.312667606778133E-5	4.1173009291700466E-5	0.08971527837049506	2.6695844630230222E-5	3.538810469120464E-4
28	28	0.003182510518005889	0.003093638944777764	1.504574773285577E-4	0.9199344632535653	3.208641558666881E-5	1.4533709226643019E-5	7.098721814812355E-5	4.428236588287239E-5	1.5472240021942314E-5	6.257388083557143E-5	3.031098332215846E-5	3.767339637125847E-5	1.2757138688406644E-4	2.4426758051491905E-5	0.07317901145199147
29	29	1.0050304373753762E-4	3.969109604136518E-5	1.0295319312415067E-4	9.40480586188265E-5	2.1955698043124557E-5	9.944947897493587E-6	0.8745439363723113	3.03009929960346E-5	1.0587154213437654E-5	4.2817286003833674E-5	2.074082707723812E-5	2.577868857779041E-5	8.729298047653859E-5	1.6714441739445688E-5	0.12485273521914185
30	30	9.668713730103902E-5	3.818410179299735E-5	9.904425924821275E-5	9.04772354986732E-5	2.112208259860756E-5	9.567357435738099E-6	0.9572417169118268	2.9150522822137953E-5	1.0185180418367696E-5	4.119159636121834E-5	1.995333793662041E-5	2.4799921567257152E-5	8.397863462516854E-5	1.6079826672636425E-5	0.042177861893894435
31	31	1.5687746181429653E-4	6.195472467339026E-5	1.6070195510866378E-4	1.4680173033578572E-4	3.427114297514594E-5	1.552329288761144E-5	7.582065675085867E-5	4.729750159691183E-5	1.6525727172781115E-5	0.9987034156617317	3.2374823555628064E-5	4.023853489995845E-5	1.3625757690609652E-4	2.6089948107191708E-5	3.4584926148389645E-4
32	32	7.711610588974466E-5	3.0455025553248325E-5	7.8996108450037E-5	7.216318807333297E-5	1.6846633417376497E-5	7.630770438494372E-6	3.7271088702025084E-5	2.3249988234673395E-5	8.123536114255774E-6	0.5833736854852304	1.5914461469506586E-5	1.9780018635606174E-5	0.41605593378345834	1.2825011175115695E-5	1.7000879515792632E-4
33	33	1.6489722143078148E-4	6.512192277335862E-5	1.6891722730242377E-4	0.8794384547366618	3.602312394975023E-5	1.6316861804236966E-5	7.96966975413815E-5	4.9715405283526534E-5	1.7370541704330604E-5	7.025112104741363E-5	3.402986246013047E-5	4.2295575940048746E-5	0.11942595652442024	2.7423696816575633E-5	3.6352948086380317E-4
34	34	1.8508198489908546E-4	7.309337672737915E-5	0.9985810503373909	1.7319476821552849E-4	4.0432647833815945E-5	1.8314178637145388E-5	8.945222268073633E-5	5.580097596611131E-5	1.949683754228323E-5	7.88504306623453E-5	3.819539489698225E-5	4.7472899055004566E-5	1.607549134188114E-4	3.0780580752315074E-5	4.080284513214185E-4
35	35	1.6951909597114247E-4	6.69472134257659E-5	0.5502392445608139	1.586314332582729E-4	3.703280960729484E-5	1.6774204186948053E-5	8.193050193251238E-5	5.110886943016234E-5	1.7857417491314227E-5	7.222017707506267E-5	3.498367935014086E-5	4.3481071025478514E-5	0.29094624525139995	0.028057012365096612	0.13000701134993536
36	36	4.1919956640501743E-4	1.6555210302019696E-4	0.832170702093994	3.922757354215396E-4	9.157751603854861E-5	4.1480513340838475E-5	0.026194518996694338	1.263858551264448E-4	4.4159164645065256E-5	1.7859148399843733E-4	8.651027266761548E-5	1.0752326170857599E-4	3.6410021234311305E-4	6.971616449921088E-5	0.13954770706009711
37	37	1.046325271945314E-4	4.132192948080609E-5	1.0718334867009733E-4	9.791231872266025E-5	2.2857816909221846E-5	1.0353567341205283E-5	5.057008723651132E-5	3.154600453652464E-5	0.5082064780054021	0.32009958705819963	2.1593029151072762E-5	2.6837887026575503E-5	9.08796869620747E-5	0.01515513818972327	0.15593310854344375
38	38	4.462645291551388E-4	1.7624071498578475E-4	0.9043451936217811	4.176024032375619E-4	9.749007477897745E-5	4.415863764820242E-5	2.1568470890489505E-4	1.3454575970476814E-4	4.7010231874081505E-5	1.9012196315269428E-4	9.209567278463199E-5	1.1446533251716671E-4	0.03728099755426866	7.421727935348877E-5	0.056323911515852906
39	39	0.004317655326709889	4.02767319247002E-5	1.0447225130623228E-4	0.6598476931231789	2.2279650916694034E-5	1.0091684040546923E-5	4.929096662777463E-5	3.074807938489792E-5	1.0743366009738995E-5	4.3449048328681806E-5	2.104685472066269E-5	2.6159049075790745E-5	0.2467052394917044	1.696106070008942E-5	0.08875389331537085
40	40	1.4297072813069367E-4	5.646261735274989E-5	1.4645619114560336E-4	1.33788181133361E-4	3.123310517879119E-5	1.414719782855111E-5	6.909937461794002E-5	4.3104714749132194E-5	1.5060769210930648E-5	0.9958634504353042	2.9504888996292133E-5	3.6671505052583104E-5	0.003079082417898971	2.377714959585916E-5	3.151907238042094E-4
41	41	1.8508198489908546E-4	7.309337672737915E-5	0.4592201486769093	1.7319476821552849E-4	4.0432647833815945E-5	1.8314178637145388E-5	8.945222268073633E-5	5.580097596611131E-5	1.949683754228323E-5	7.88504306623453E-5	3.819539489698225E-5	4.7472899055004566E-5	0.1990739952421071	3.0780580752315074E-5	0.3408556897831148
42	42	4.421860931820879E-4	1.7463004143914408E-4	0.9874708810498539	4.1378591200304455E-4	9.659910764621708E-5	4.375506944024669E-5	2.1371355453755135E-4	1.3331613863799808E-4	4.6580602790318804E-5	1.8838442811880534E-4	9.125400538713962E-5	1.1341922757423285E-4	3.8406540303340055E-4	7.353900357273091E-5	0.010113890362783252
43	43	1.8650887275406864E-4	7.365688944088757E-5	1.9105574599474038E-4	0.9985535852237468	4.07443629592526E-5	1.8455371628378887E-5	9.01418537661928E-5	5.623117307549322E-5	1.964714823143449E-5	7.945832733004984E-5	3.848986194154364E-5	4.783889093227648E-5	1.619942519406629E-4	3.101788335563843E-5	4.111741429023445E-4
44	44	9.369152775825062E-5	3.7001062736232584E-5	9.597562016710547E-5	8.767402425847418E-5	2.0467667606477332E-5	9.270936753175842E-6	0.9488844432989644	2.8247366654928426E-5	9.869618033256559E-6	3.991537759430872E-5	1.9335133579743875E-5	2.4031557917437094E-5	8.137676630746013E-5	1.558163339097004E-5	0.05055311840827792
45	45	0.002770421287166455	0.013263309000860849	1.3097540311212547E-4	0.8113864643643351	2.793168734784754E-5	1.2651803409657994E-5	6.179539679809677E-5	3.854843790583074E-5	1.3468807997466122E-5	5.447146537511095E-5	2.6386147965748786E-5	3.279523466655856E-5	0.13488176189907805	2.126384503662858E-5	0.0372777552189443
46	46	1.5100227747167646E-4	5.9634471501629236E-5	1.5468354048387532E-4	1.4130389006246903E-4	3.298766171351246E-5	1.4941933358559642E-5	7.298111351604313E-5	0.9987331684764057	1.5906825691248562E-5	6.433146162836232E-5	3.116236094787455E-5	3.873157011687153E-5	1.3115462347260915E-4	2.5112859028579562E-5	3.328969346010062E-4
47	47	4.7706551622873515E-4	1.884047738107052E-4	0.9766226513224674	0.020166303031397416	1.0421879807400621E-4	4.720644794575147E-5	2.3057117533217095E-4	1.438320505361712E-4	5.0254857986359826E-5	2.032440997933977E-4	9.84520767595208E-5	1.2236568084624154E-4	4.1436029442987584E-4	7.93397242547944E-5	0.0010517301501375119
48	48	2.3553746931077396E-4	9.301947451629571E-5	0.009977405932356263	2.204096602140624E-4	5.145505411292902E-5	2.3306835028004818E-5	1.1383793061184402E-4	7.101296580159014E-5	2.4811900395257613E-5	0.5161150413853491	4.8607900213875995E-5	6.041455904181228E-5	2.0457855747864584E-4	3.917172218716591E-5	0.47272138865338237
49	49	7.496543064402764E-5	2.9605671597815252E-5	0.023317455257542183	0.562494177223044	1.6376801116505104E-5	0.00930368285958561	3.6231642960729836E-5	2.2601574085870096E-5	7.896980483275171E-6	3.193750323291981E-5	1.5470626320720415E-5	1.922837775658875E-5	0.05274394646225813	1.2467337071345454E-5	0.35187395625230034
50	50	1.116334494961124E-4	4.408676394866412E-5	1.143549454591868E-4	0.6530500346390861	2.438722467997853E-5	1.1046320564733972E-5	5.395371239610216E-5	3.365673561229162E-5	1.1759649272710701E-5	4.755916992078429E-5	2.303781045757202E-5	2.863359976380435E-5	0.04624152373670273	1.8565515216124923E-5	0.30018576672742303
51	51	1.4254950806452327E-4	5.62962673052371E-5	1.460247022154426E-4	0.8073916323946893	3.1141086268332185E-5	1.4105517383306255E-5	6.889579418207419E-5	4.2977719726890376E-5	1.5016397203551583E-5	0.08550047088891036	2.9417961752807662E-5	3.656346353956306E-5	0.10618693909181225	2.370709740645605E-5	3.1426210953978636E-4
52	52	1.605206851839202E-4	6.339352217927983E-5	1.644339961018381E-4	0.9987551289784993	3.506703441517042E-5	1.5883796064853082E-5	7.758146793036342E-5	4.8395908985391E-5	1.6909510252514842E-5	6.83865864301599E-5	3.312667606778133E-5	4.1173009291700466E-5	1.3942193705529513E-4	2.6695844630230222E-5	3.538810469120464E-4
53	53	1.610550051847467E-4	6.360453814139349E-5	0.003493648923057409	1.507109636204295E-4	3.518376091578453E-5	1.593666794187489E-5	7.783971084753746E-5	4.855700287867612E-5	1.696579639110033E-5	0.9720395478289623	3.323694376046926E-5	4.131006055293552E-5	1.398860263372295E-4	2.6784706222794108E-5	0.023655732065185283
54	54	0.020489323135470996	3.8962701001250466E-5	1.0106383750752949E-4	9.232212645109352E-5	2.1552775898062064E-5	9.76244221120102E-6	0.911510385244473	2.974492135251384E-5	1.0392863014979422E-5	4.203152038214708E-5	2.036019975580581E-5	2.5305608447144602E-5	8.569101478756703E-5	1.640770502326606E-5	0.0675066939042234
55	55	4.724076060759637E-4	1.8656525181862994E-4	0.8987415419810677	4.4206639496648017E-4	1.0320124014717044E-4	4.674553977762186E-5	2.2831995452081132E-4	1.424277218943057E-4	4.976418614931068E-5	2.0125969152301527E-4	9.749082319517865E-5	1.2117094274890393E-4	0.098047012184448	7.85650773885822E-5	0.0010414614042783949
56	56	1.37681852176428E-4	5.4373911621609726E-5	1.4103837843784935E-4	1.2883899255879946E-4	3.007770769906264E-5	1.362385451629445E-5	6.65432008776934E-5	0.9959993262404028	1.4503630409345883E-5	5.8656564248649115E-5	2.8413422931972173E-5	3.5314926375148914E-5	1.1958502734899423E-4	2.2897568185015667E-5	0.003149124722210352
57	57	4.774348446766272E-5	1.885506305962407E-5	4.8907416074437746E-5	0.3394891602441849	1.0429948084319507E-5	4.724299362670557E-6	2.307496759603179E-5	1.4394340058385769E-5	5.029376364620684E-6	2.0340144469753853E-5	9.852829512254311E-6	1.2246041233582696E-5	0.36415488173988425	7.940114646247531E-6	0.29613241999100126
58	58	4.462645291551388E-4	1.7624071498578475E-4	0.9135685410674265	4.176024032375619E-4	9.749007477897745E-5	4.415863764820242E-5	2.1568470890489505E-4	1.3454575970476814E-4	4.7010231874081505E-5	1.9012196315269428E-4	9.209567278463199E-5	1.1446533251716671E-4	3.8760777168742944E-4	7.421727935348877E-5	0.08399395385278882
59	59	1.5437479433319485E-4	6.096636042432914E-5	1.5813827545354544E-4	0.9956121899305233	3.372441514010732E-5	1.527564966429469E-5	7.461108916956539E-5	4.654296415211261E-5	1.6262092106796712E-5	6.576825412381638E-5	3.1858347720399504E-5	3.959660921084633E-5	1.3408385862411496E-4	2.5673734943386246E-5	0.003530933624410041
60	60	7.260314732801227E-5	2.8672748469459675E-5	7.437312911439935E-5	6.794008222922988E-5	1.586074133114984E-5	7.184205477962602E-6	0.6767849734059624	2.1889361524426084E-5	7.648133713740523E-6	3.093110027632819E-5	1.4983121585113888E-5	1.8622460127913732E-5	0.001563614296049865	1.2074470891484115E-5	0.3212786295959185
61	61	1.1591243235609388E-4	4.577663833792549E-5	1.187382450327704E-4	1.0846775209460704E-4	2.5322002892773788E-5	1.1469733229806224E-5	0.951135314716102	3.494682021917227E-5	1.2210404291967497E-5	4.938214389359044E-5	2.392086474393881E-5	2.9731144300517387E-5	1.0067696776500142E-4	1.927714351172185E-5	0.04816885299122808
62	62	1.6159289421300823E-4	6.381696359923412E-5	1.6553234436211004E-4	0.9887274599354905	3.5301267099140134E-5	1.5989892980259438E-5	7.809967871615423E-5	4.871917280977353E-5	1.7022458496845034E-5	0.010088197220210116	3.3347947993844026E-5	4.144802725755767E-5	1.4035321553565016E-4	2.6874161372517163E-5	3.562448198630993E-4
63	63	1.1535970576971987E-4	4.5558353167561114E-5	1.1817204360368312E-4	1.079505253474128E-4	2.5201255325540632E-5	1.141503998969497E-5	5.575465431994184E-5	0.9990321913399679	1.2152179173700526E-5	4.914666592744542E-5	2.38067984816382E-5	2.958937181275064E-5	1.0019689124871985E-4	1.9185220760109297E-5	2.54319955104101E-4
64	64	4.462645291551388E-4	1.7624071498578475E-4	0.959685278295653	4.176024032375619E-4	9.749007477897745E-5	4.415863764820242E-5	2.1568470890489505E-4	1.3454575970476814E-4	4.7010231874081505E-5	1.9012196315269428E-4	9.209567278463199E-5	1.1446533251716671E-4	0.03728099755426866	7.421727935348877E-5	9.83826841981059E-4
65	65	1.8508198489908546E-4	7.309337672737915E-5	0.9756295226071576	1.7319476821552849E-4	4.0432647833815945E-5	1.8314178637145388E-5	8.945222268073633E-5	5.580097596611131E-5	0.019145769946070004	7.88504306623453E-5	3.819539489698225E-5	4.7472899055004566E-5	1.607549134188114E-4	3.0780580752315074E-5	0.004233283073026962
66	66	1.3926704187793126E-4	5.499994158395056E-5	1.426622132532752E-4	0.9989199553659684	3.0424005135766814E-5	1.3780711745715906E-5	6.730934104118579E-5	4.19880782072824E-5	1.4670616872673263E-5	5.933190221151567E-5	2.8740558750558513E-5	3.572152213714882E-5	1.2096186061213701E-4	2.3161197622756264E-5	3.070256429795195E-4
67	67	1.610550051847467E-4	6.360453814139349E-5	1.6498134221385087E-4	0.9188629632764423	3.518376091578453E-5	1.593666794187489E-5	7.783971084753746E-5	4.855700287867612E-5	1.696579639110033E-5	6.861422264337454E-5	3.323694376046926E-5	4.131006055293552E-5	1.398860263372295E-4	2.6784706222794108E-5	0.08024308093952576
68	68	4.342488452230514E-4	1.714954291992505E-4	0.9158957103234933	4.0635844778342297E-4	9.486515200665347E-5	4.296966519310524E-5	2.0987739256700041E-4	1.309231116621919E-4	4.574448017106696E-5	1.8500292440203306E-4	8.961599442483032E-5	1.1138335049338498E-4	3.771714224596875E-4	7.221897719691978E-5	0.08173241448372418
69	69	4.589640848130489E-4	1.8125607834748668E-4	0.8636798186498629	4.294863075506218E-4	1.0026439482877696E-4	4.5415280379034116E-5	2.2182254820501482E-4	1.3837459048175448E-4	4.8348023737814E-5	1.9553235159969857E-4	9.47164818473539E-5	1.1772272531052851E-4	0.13320012511185184	7.632931472343554E-5	0.0010118240564608613
70	70	2.299406414770061E-4	9.08091510990548E-5	2.3554633162051636E-4	2.151722985122189E-4	5.02323820689015E-5	2.2753019351104334E-5	0.0048635214469058535	6.932555978198845E-5	2.422232144144102E-5	0.8745374504600548	4.7452882077466095E-5	5.8978991755641387E-5	0.00970449442687324	3.824092597170481E-5	0.10981185916100906
71	71	0.10381818888579618	1.7955287203303306E-4	0.7522005537115423	4.254505599075043E-4	9.932224187068493E-5	4.4988527284630506E-5	2.1973815154237338E-4	1.3707432801101605E-4	4.7893712577204366E-5	1.9369499563922084E-4	9.38264608812378E-5	1.1661652191623908E-4	0.14134517069452635	7.56120721790744E-5	0.0010023162642930513
72	72	4.546513437756841E-4	0.028369608565311347	0.8367707207913773	4.254505599075043E-4	9.932224187068493E-5	4.4988527284630506E-5	2.1973815154237338E-4	1.3707432801101605E-4	4.7893712577204366E-5	1.9369499563922084E-4	9.38264608812378E-5	1.1661652191623908E-4	0.13194848546343357	7.56120721790744E-5	0.0010023162642930513
73	73	5.4831257723708E-5	2.1654197081473E-5	5.6167981145038444E-5	0.30602787982672314	1.1978329144441982E-5	5.425646636537168E-6	2.6500568807062798E-5	1.6531256113881257E-5	5.776013935992102E-6	0.1314799602784267	1.1315534262273754E-5	1.406403094496633E-5	0.26409407188797	9.118866739168699E-6	0.2981647243243456
74	74	1.1400067970886084E-4	4.502164072684001E-5	1.1677988604007975E-4	1.0667878513056955E-4	2.4904365154702822E-5	1.1280562038938827E-5	5.509782160933973E-5	3.437043962989145E-5	1.2009017156399141E-5	4.856768040252514E-5	0.9990327487668111	2.924078625465076E-5	9.901649480513071E-5	1.8959204103579594E-5	2.513238704272476E-4
75	75	1.442494578932263E-4	5.6967618832587447E-5	0.7424995165398252	0.08957495471534921	3.151245397760212E-5	1.4273730323393468E-5	6.971739921676266E-5	4.349024318824603E-5	1.5195472685470187E-5	0.07757609516834071	2.976878063476299E-5	3.6999494883513654E-5	1.2528939068261882E-4	2.398981235035407E-5	0.08975797972181629
76	76	8.60285598748467E-5	3.397477036824849E-5	8.812583788126227E-5	8.050322399321434E-5	1.879363065490451E-5	8.512672988153616E-6	4.157857880670412E-5	2.59370332806454E-5	9.06238852361022E-6	0.6543513420751512	1.775372583468921E-5	2.2066032742261747E-5	0.2383306140604435	1.4307221935602746E-5	0.10687140018752117
77	77	1.2053252248230723E-4	4.760122428179185E-5	1.234709676780386E-4	1.1279110878964497E-4	2.633129873069949E-5	1.192689904168855E-5	5.825473531222909E-5	0.8545019054108832	1.2697092105860364E-5	5.135043970773681E-5	2.487431338415403E-5	3.091618168979294E-5	1.0468979585646307E-4	2.0045500611903272E-5	0.1447526125094444
78	78	1.2392849612060487E-4	4.894237685607226E-5	0.6660755763858769	0.13586703517270476	2.707317647879624E-5	1.226293643556419E-5	0.002621236919640511	3.7363609631227594E-5	1.305482949645441E-5	5.279722548779931E-5	2.5575140934956683E-5	3.1787237367158094E-5	1.0763940463926685E-4	2.0610277572034467E-5	0.1949351168107578
79	79	1.1481222550219448E-4	4.5342139896091944E-5	1.1761121639270433E-4	0.7143583953580055	2.5081653858845285E-5	1.1360865881797657E-5	5.549005089659574E-5	3.4615115238562385E-5	1.2094506711200364E-5	4.891342304917691E-5	2.369381490288612E-5	2.944894498790861E-5	0.24213825170139217	1.909417051232828E-5	0.042965794812771935
80	80	2.225375472721392E-4	8.78854891664272E-5	2.279627584366002E-4	2.0824468108046973E-4	4.861511661203301E-5	2.202047053059394E-5	1.0755492083287383E-4	6.70935765772164E-5	2.344246744808123E-5	0.3358497059741067	4.5925104499499086E-5	5.708012329432703E-5	0.055385873369591346	3.700973354033908E-5	0.6076090486670114
81	81	1.0765914221188812E-4	4.251721335348025E-5	0.03126151028015666	0.674302290180414	2.3519005296584595E-5	1.065305606845208E-5	5.203288460519673E-5	3.245850864617248E-5	1.1340989274516482E-5	4.586599680554865E-5	2.2217632112036838E-5	2.76142034750709E-5	0.06017087393815706	0.01781860543173756	0.2160708415376856
82	82	4.724076060759637E-4	1.8656525181862994E-4	0.996378239548161	4.4206639496648017E-4	1.0320124014717044E-4	4.674553977762186E-5	2.2831995452081132E-4	1.424277218943057E-4	4.976418614931068E-5	2.0125969152301527E-4	9.749082319517865E-5	1.2117094274890393E-4	4.103146173547697E-4	7.85650773885822E-5	0.0010414614042783949
83	83	1.2553620113485862E-4	4.957729866295379E-5	1.2859663029968622E-4	0.9523242034287116	2.742439256661497E-5	1.2422021593652006E-5	6.0673069961573366E-5	3.784832190027898E-5	1.3224187759474498E-5	5.348215564359507E-5	2.5906923241758515E-5	3.219960823022998E-5	0.04681127323306394	2.0877651482272795E-5	2.767548757474103E-4
84	84	1.2144010018403997E-4	4.795964878700931E-5	0.0026343116423936945	1.1364039571389582E-4	2.6529566377418275E-5	1.2016705405963744E-5	0.9739041502447998	3.661337496129937E-5	1.2792697818200925E-5	5.173709480374838E-5	2.506161032035384E-5	3.114897228063528E-5	1.0547808205807497E-4	2.0196437877636708E-5	0.02285692342621815
85	85	1.3966905919312524E-4	5.51587079981233E-5	0.7218093594872663	0.13003062994977793	3.0511829050866904E-5	1.3820492045941787E-5	6.750364056968851E-5	4.2109283729015535E-5	1.4712966031008663E-5	5.950317354542776E-5	2.8823523119660293E-5	3.582463820991502E-5	0.043421288164357155	2.3228056244576767E-5	0.10422785702886116
86	86	1.3168624333874748E-4	5.200609988822286E-5	1.3489660350638985E-4	0.8846683053205212	2.876791873815741E-5	1.3030578777698937E-5	6.3645455118444E-5	3.970251833866756E-5	1.3872043215491922E-5	5.6102256549864495E-5	2.7176108304468545E-5	3.377707311903816E-5	1.14377477948009E-4	2.190045157159625E-5	0.1146007538510638
87	87	6.9276640311851E-5	2.7359029953575387E-5	7.09655256575522E-5	6.482722598908577E-5	1.513403912523552E-5	6.855041925038139E-6	0.6844349218291257	2.0886441990355146E-5	7.297714050191293E-6	2.9513909343517285E-5	1.4296629870757473E-5	1.776922240264246E-5	6.0170957866860314E-5	1.1521246773588889E-5	0.31514920454561407
88	88	1.7131980546828332E-4	6.765835739649244E-5	1.754963866012784E-4	1.6031648901424427E-4	3.742618907633717E-5	1.695238746838532E-5	8.280080525787052E-5	5.16517712551384E-5	1.8047107160709893E-5	0.9525533985728956	3.5355292018848416E-5	4.394294688136889E-5	1.4880162707352497E-4	2.8491822743108375E-5	0.046408340439688806
89	89	5.7708781975159515E-5	2.2790601385047955E-5	5.9115656150312603E-5	5.400233374219453E-5	1.2606947455163259E-5	5.7103825777609196E-6	2.789130891745445E-5	0.9184109664747434	6.079137024309531E-6	2.4585657616659816E-5	1.1909369341197079E-5	1.4802106119554328E-5	5.0123572291382274E-5	9.597421513891055E-6	0.08123211024914648
90	90	1.2991826546018183E-4	5.130788242965101E-5	1.3308552434697116E-4	1.2157403588257539E-4	2.8381689754385716E-5	1.2855634345844981E-5	0.9640268958207424	3.9169484876960046E-5	1.3685801548073348E-5	5.5349045386701255E-5	2.6811250464426666E-5	3.3323592811884595E-5	0.026964209705185177	2.1606423031275763E-5	0.008341825843733408
91	91	5.070631887190191E-4	2.0025158417138063E-4	5.194248099656195E-4	4.7449616173449215E-4	1.1077203083890828E-4	5.017476889273714E-5	2.450693907093605E-4	1.5287614741346745E-4	5.341486163289828E-5	0.7023711747706992	1.0464270059242092E-4	1.3005998171940756E-4	4.404150898037787E-4	8.43285716619158E-5	0.29455583594144547
92	92	1.5053248082054908E-4	5.944893737941395E-5	1.5420229072711264E-4	0.998832589563436	3.2885030857468335E-5	1.4895446177235265E-5	7.275405546566495E-5	4.538453242203194E-5	1.5857336547343315E-5	6.413131428130787E-5	3.106540894781429E-5	3.86110688751785E-5	1.3074657662776032E-4	2.5034728173407037E-5	3.318612292615589E-4
93	93	4.8666244012097017E-4	1.9219483243721922E-4	0.010556813852949069	4.554056871710772E-4	1.0631532326652692E-4	4.8156079962207914E-5	0.0505266451701343	1.4672545866420262E-4	5.126581356982508E-5	0.5835879867093011	0.010158719733799865	1.2482725915394685E-4	0.0708307057737486	8.093576771088671E-5	0.27264664009801015
94	94	1.3729117725908268E-4	5.4219624596175945E-5	0.2782175328072401	1.284734094265776E-4	2.9992361621976094E-5	1.3585196565715329E-5	6.635438325872736E-5	4.139236828895201E-5	1.4462476077661576E-5	5.849012511358985E-5	2.8332799295087757E-5	3.521471958881815E-5	0.0625446710271588	0.1106860865804761	0.5479439009440326
95	95	3.174390859309099E-4	1.253644146327584E-4	0.7088912534722691	2.970510011567573E-4	6.934712082935057E-5	3.141113992980283E-5	0.19697733179539884	9.570575339568109E-5	3.343954999910106E-5	1.352384925435126E-4	0.09191666789428125	8.142204488852696E-5	2.7571507190391175E-4	5.2792601201921395E-5	6.998205616386594E-4
96	96	2.637885325581107E-4	1.0417650641225526E-4	0.878034670232006	2.468462491323872E-4	5.762672604433412E-5	2.6102326006141474E-5	1.2749198993018462E-4	7.953047171736724E-5	0.0763551314643716	1.1238176101977769E-4	5.443807605503092E-5	6.766086059011599E-5	0.04384474120322147	4.387009482509468E-5	5.815435061101257E-4
97	97	4.265915201180643E-4	1.6847136530168631E-4	0.9967294931817735	3.9919292787919084E-4	9.319234776539904E-5	4.2211959790648616E-5	2.061765204869675E-4	1.286144795477208E-4	4.493784508088364E-5	1.8174067614713658E-4	8.803575118074026E-5	1.0941927267166391E-4	3.7052057183830983E-4	7.094550417970907E-5	9.4045607623848E-4
98	98	2.773998724352009E-4	0.01157609360378748	0.8430749737109514	2.5958337671614837E-4	6.060023268841313E-5	2.744919134333703E-5	1.340705048857732E-4	8.363419931550277E-5	2.9221754078702493E-5	1.1818059666434515E-4	5.7247050153541736E-5	7.11521229317252E-5	2.4093858999850394E-4	4.6133767037505946E-5	0.14394332142701236
99	99	1.6433714759797277E-4	6.490073599670418E-5	0.01375435369298791	1.5378230465245367E-4	3.590077131745466E-5	1.626144154153748E-5	7.942600750508556E-5	4.954654678278781E-5	1.7311542615165284E-5	0.9850557515401258	3.391427994556397E-5	4.215191890858361E-5	1.427367658068437E-4	2.733055216045242E-5	3.6229475205564176E-4
100	100	1.242467343595011E-4	4.906805687564513E-5	1.272757277974969E-4	0.9399743226810539	2.714269818101681E-5	1.229442665304535E-5	6.004985604266289E-5	3.745955632387751E-5	1.3088353230527641E-5	5.293280444327614E-5	2.5640815804461625E-5	3.1868864392061686E-5	1.0791581382392207E-4	2.066320307862098E-5	0.059336030407939916
101	101	1.4960160304452625E-4	5.9081311108239694E-5	0.012521048292417694	0.9864720091393823	3.2681673122166446E-5	1.4803334230798523E-5	7.230415167759642E-5	4.510387902167232E-5	1.5759276367252128E-5	6.373473266060921E-5	3.0873303572051205E-5	3.837230189460083E-5	1.2993805290045302E-4	2.4879915923197875E-5	3.298090326767469E-4
102	102	0.01838426600184131	1.714954291992505E-4	0.9428207360584206	4.0635844778342297E-4	9.486515200665347E-5	4.296966519310524E-5	2.0987739256700041E-4	1.309231116621919E-4	4.574448017106696E-5	1.8500292440203306E-4	8.961599442483032E-5	1.1138335049338498E-4	0.03627720573569621	7.221897719691978E-5	9.573372789420067E-4
103	103	1.605206851839202E-4	6.339352217927983E-5	1.644339961018381E-4	0.9755317587920519	3.506703441517042E-5	1.5883796064853082E-5	7.758146793036342E-5	4.8395908985391E-5	1.6909510252514842E-5	6.83865864301599E-5	3.312667606778133E-5	4.1173009291700466E-5	1.3942193705529513E-4	2.6695844630230222E-5	0.023577251233359395
104	104	1.6159289421300823E-4	6.381696359923412E-5	0.8317719011342218	1.5121430577783192E-4	3.5301267099140134E-5	1.5989892980259438E-5	7.809967871615423E-5	4.871917280977353E-5	1.7022458496845034E-5	6.884337936843396E-5	3.3347947993844026E-5	4.144802725755767E-5	1.4035321553565016E-4	2.6874161372517163E-5	0.1673454755005578
105	105	0.006923660815158256	1.2619233693787743E-4	0.7267811107931161	2.990127631953395E-4	6.980509790600818E-5	3.1618583034397394E-5	1.5443512845865308E-4	9.633780618511598E-5	3.366038897799711E-5	1.361316244965907E-4	6.59425841043381E-5	8.195976627692165E-5	0.07292291446773216	5.3141250156318564E-5	0.19222407659426397
106	106	9.442289214826338E-5	3.7289896319432705E-5	9.672481438539945E-5	8.83584154815228E-5	2.0627440038330726E-5	9.343306509177992E-6	0.9992250082356996	2.846786810876697E-5	9.946661148522827E-6	4.0226960578222864E-5	1.9486065350360878E-5	2.421915039370339E-5	8.201200057544255E-5	1.5703265005621405E-5	2.0816302825773082E-4
107	107	1.1267330155584193E-4	4.4497426814550246E-5	1.1542014792415348E-4	1.0543666017890655E-4	2.4614388723811517E-5	1.1149215702737132E-5	5.4456284691577944E-5	0.9594664936999171	1.1869188981222089E-5	4.8002177827682984E-5	0.007009411556249215	2.8900318277173406E-5	9.786358648626367E-5	1.8738450741494492E-5	0.03285047359592824
108	108	1.2361188395000987E-4	4.8817339010414884E-5	1.2662540046030714E-4	1.1567269283976947E-4	2.7004010004271196E-5	1.2231607120319745E-5	5.974302563866797E-5	3.72681531872545E-5	1.3021477055062741E-5	0.8405809297393816	2.5509801637392632E-5	3.170602742323817E-5	0.0716416850375888	2.055762249331636E-5	0.08713561618220947
109	109	1.750384833858639E-4	6.912695373830121E-5	0.00741465893997731	0.003781472937458083	3.823856416908812E-5	1.7320357002069068E-5	8.459808447628136E-5	5.277292768328976E-5	1.843883874534076E-5	0.9189644303293645	3.6122716096530114E-5	4.489677510779316E-5	1.520315240675466E-4	2.9110267947250475E-5	0.06912174230078073
110	110	2.3902828365951215E-4	9.439808199349984E-5	2.448555201372546E-4	2.236762708587602E-4	5.2217650576829704E-5	2.365225707222354E-5	1.1552508078278419E-4	7.206542289341517E-5	2.517962846065916E-5	0.9634429666602965	4.932830005524794E-5	6.130994103854074E-5	2.076105411625172E-4	3.9752271898750546E-5	0.03510843408911357
111	111	1.0373520363540569E-4	4.09675545858681E-5	1.0626414938774749E-4	9.707262735063477E-5	2.2661789362408478E-5	1.02647756418613E-5	5.0136400582073564E-5	3.12754675073054E-5	1.0927635197979592E-5	4.419428225798244E-5	0.9991198473211065	2.660772658840385E-5	9.010030710436158E-5	1.7251975194119665E-5	2.2869278449734042E-4
112	112	0.01986819675592838	4.19570644875814E-5	1.088308007068035E-4	0.081343014093801	2.320915093161426E-5	1.0512705918373117E-5	5.134737022167562E-5	0.41283733365373154	1.119157585394546E-5	4.5261728932196944E-5	2.192492286679425E-5	2.725039635933492E-5	9.227654503040877E-5	1.7668670807300892E-5	0.48550002456442304
113	113	5.179186894801725E-4	2.0453868540995862E-4	5.305449554334624E-4	4.846544488266507E-4	0.06433887119851929	5.124893924077956E-5	2.503159773608223E-4	1.561490080184772E-4	5.455839775228742E-5	0.5889564859823706	1.0688295179030396E-4	1.3284438070943757E-4	4.498437496807978E-4	8.613392628877311E-5	0.3436790087091182
114	114	1.7892217887411109E-4	7.066071953172328E-5	1.8328409718540832E-4	0.9838206439549289	0.014830864633313736	1.7704655306319566E-5	8.647511855838438E-5	5.394383580121133E-5	1.884795354946035E-5	7.622617007787748E-5	3.692419487316043E-5	4.5892929779326766E-5	1.5540474881602017E-4	2.975615686322776E-5	3.9444865254099676E-4
115	115	1.3061972913859271E-4	5.158490749470321E-5	1.338040889084745E-4	1.222304468199242E-4	2.8534930135359933E-5	1.2925045375345722E-5	0.934136687207763	3.938097146697823E-5	1.3759694873710882E-5	0.06484687729170098	2.6956011621042755E-5	3.350351585741552E-5	1.1345114577149115E-4	2.1723081923873628E-5	2.8796193114906724E-4
116	116	1.744075333320655E-4	6.887777621838435E-5	0.4038979139129793	1.632059021139145E-4	3.810072805640613E-5	1.7257923416203427E-5	8.429313915843442E-5	5.258270047772452E-5	1.8372373439693055E-5	7.430279679293985E-5	3.599250684640649E-5	4.4734938566926946E-5	0.18759256596294913	2.9005336021584087E-5	0.4077083864696308
117	117	0.01798841160062851	4.2707268179994165E-5	0.002345810626783866	1.0119487899895962E-4	2.362413684493562E-5	1.070067595139455E-5	5.226547512740342E-5	3.260360038062745E-5	1.1391684265534466E-5	4.6071020921153176E-5	0.952146759131938	2.7737640836949297E-5	9.392647468231268E-5	1.798459143333959E-5	0.02705881119302693
118	118	0.0016020039349038825	2.9198515890119524E-5	7.573689681537609E-5	0.4432093338518269	1.6151577107438042E-5	7.315941059142133E-6	3.573336275175314E-5	2.2290743106692142E-5	7.788376269832348E-6	3.149827871852664E-5	1.5257864594059437E-5	1.896393708252877E-5	0.3163745980331164	1.2295878456343476E-5	0.238541832808301
119	119	0.06123685412318823	1.0590873478039104E-4	0.5988762917456742	2.5095076453649303E-4	5.8584932966936786E-5	0.11642128786002184	0.0056722191187233454	8.085289021636038E-5	2.824996584880153E-5	1.1425042489807236E-4	5.534326267432577E-5	6.878591331229954E-5	0.19422417853751908	4.459955893735921E-5	0.02276164216670222
120	120	2.063992905852397E-4	8.151209914480051E-5	0.004477269479739391	1.9314293237265113E-4	4.508958467207186E-5	2.0423562457573566E-5	9.975511832036819E-5	6.222800052446539E-5	2.174243722087298E-5	0.39254506598000044	4.259465022843061E-5	5.29407153933438E-5	0.008710947104995998	3.432581531121729E-5	0.5934065632290332
121	121	1.7826297231193354E-4	7.040038282949548E-5	1.8260881992035547E-4	0.9949332138818147	3.894297970290088E-5	1.763942569067069E-5	8.615651654952512E-5	5.374508944805963E-5	1.8778511657227616E-5	7.594532847489012E-5	3.6788154323483043E-5	4.5723845540254474E-5	0.0038391521885957854	2.964652565935546E-5	3.9299537748122866E-4
122	122	2.822545986005976E-4	1.1146920495691425E-4	0.6478195996727125	2.6412629953721166E-4	6.166078665579209E-5	2.7929574792196068E-5	1.364168491085124E-4	8.509786666392169E-5	2.9733158834873762E-5	0.08179075783109885	5.82489206657104E-5	7.23973436662836E-5	0.006078762997749971	4.694114594499846E-5	0.26313460374901165
